<<<<<<< Updated upstream
3,2,66.67,10.81
3,2,66.67,14.02
3,3,100.00,11.20
3,8,266.67,37.40
3,3,100.00,15.43
3,2,66.67,14.01
3,2,66.67,11.04
3,1,33.33,19.80
3,0,0.00,17.47
3,1,33.33,18.50
3,2,66.67,10.58
3,3,100.00,11.12
3,2,66.67,9.25
3,2,66.67,10.12
3,2,66.67,8.05
3,2,66.67,13.27
3,2,66.67,15.39
3,3,100.00,11.86
3,3,100.00,15.15
3,2,66.67,8.59
3,3,100.00,13.46
3,3,100.00,10.64
3,2,66.67,14.80
3,3,100.00,14.35
3,3,100.00,15.84
3,3,100.00,17.10
3,1,33.33,12.07
3,1,33.33,22.75
3,0,0.00,16.13
3,0,0.00,19.69
3,2,66.67,18.96
3,2,66.67,9.90
3,1,33.33,6.67
3,3,100.00,16.97
3,3,100.00,18.24
3,2,66.67,8.84
3,2,66.67,21.01
3,1,33.33,28.05
3,3,100.00,20.30
=======
ef2d70348017aff438fd1fd0ea5e05be587b11dc,3,3,100.00,19.09
ef2d70348017aff438fd1fd0ea5e05be587b11dc,3,1,33.33,33.34
ef2d70348017aff438fd1fd0ea5e05be587b11dc,3,3,100.00,18.34
ef2d70348017aff438fd1fd0ea5e05be587b11dc,3,3,100.00,31.77
>>>>>>> Stashed changes
ef2d70348017aff438fd1fd0ea5e05be587b11dc,3,3,100.00,22.99
AB0EDDB5-BC52-5BD3-AE59-03C7C1E8B173,3,2,66.67,8.53
AB0EDDB5-BC52-5BD3-AE59-03C7C1E8B173,3,3,100.00,12.23
3faaf8f4ea26f862bc293087d5e600093aadef61,3,1,33.33,42.92
3faaf8f4ea26f862bc293087d5e600093aadef61,3,2,66.67,45.85
3faaf8f4ea26f862bc293087d5e600093aadef61,3,1,33.33,24.74
3faaf8f4ea26f862bc293087d5e600093aadef61,3,3,100.00,43.51
3faaf8f4ea26f862bc293087d5e600093aadef61,3,0,0.00,11.72
3faaf8f4ea26f862bc293087d5e600093aadef61,3,1,33.33,43.60
3faaf8f4ea26f862bc293087d5e600093aadef61,3,2,66.67,19.37
3faaf8f4ea26f862bc293087d5e600093aadef61,3,0,0.00,27.25
3faaf8f4ea26f862bc293087d5e600093aadef61,3,1,33.33,28.24
3faaf8f4ea26f862bc293087d5e600093aadef61,3,2,66.67,23.85
3faaf8f4ea26f862bc293087d5e600093aadef61,3,1,33.33,19.57
3faaf8f4ea26f862bc293087d5e600093aadef61,3,1,33.33,16.39
3faaf8f4ea26f862bc293087d5e600093aadef61,3,0,0.00,33.13
3faaf8f4ea26f862bc293087d5e600093aadef61,3,0,0.00,23.45
3faaf8f4ea26f862bc293087d5e600093aadef61,3,2,66.67,21.83
3faaf8f4ea26f862bc293087d5e600093aadef61,3,1,33.33,12.16
3faaf8f4ea26f862bc293087d5e600093aadef61,3,0,0.00,19.13
3faaf8f4ea26f862bc293087d5e600093aadef61,3,0,0.00,11.66
3faaf8f4ea26f862bc293087d5e600093aadef61,3,1,33.33,14.55
3faaf8f4ea26f862bc293087d5e600093aadef61,3,1,33.33,12.24
3faaf8f4ea26f862bc293087d5e600093aadef61,3,2,66.67,29.25
3faaf8f4ea26f862bc293087d5e600093aadef61,3,1,33.33,22.72
3faaf8f4ea26f862bc293087d5e600093aadef61,3,1,33.33,32.65
3faaf8f4ea26f862bc293087d5e600093aadef61,3,1,33.33,20.31
3faaf8f4ea26f862bc293087d5e600093aadef61,3,2,66.67,31.66
3faaf8f4ea26f862bc293087d5e600093aadef61,3,2,66.67,15.26
3faaf8f4ea26f862bc293087d5e600093aadef61,3,1,33.33,28.29
3faaf8f4ea26f862bc293087d5e600093aadef61,3,3,100.00,21.58
1cb6a36409fc04689a4c888d159404fafd5ecd9d,3,1,33.33,48.35
1cb6a36409fc04689a4c888d159404fafd5ecd9d,3,0,0.00,40.68
1cb6a36409fc04689a4c888d159404fafd5ecd9d,3,0,0.00,74.67
1cb6a36409fc04689a4c888d159404fafd5ecd9d,3,1,33.33,65.59
1cb6a36409fc04689a4c888d159404fafd5ecd9d,3,0,0.00,50.22
1cb6a36409fc04689a4c888d159404fafd5ecd9d,3,2,66.67,12.01
1cb6a36409fc04689a4c888d159404fafd5ecd9d,3,2,66.67,23.38
1cb6a36409fc04689a4c888d159404fafd5ecd9d,3,1,33.33,28.05
1cb6a36409fc04689a4c888d159404fafd5ecd9d,3,1,33.33,33.35
1cb6a36409fc04689a4c888d159404fafd5ecd9d,3,2,66.67,3.65
1cb6a36409fc04689a4c888d159404fafd5ecd9d,3,0,0.00,13.76
1cb6a36409fc04689a4c888d159404fafd5ecd9d,3,1,33.33,18.27
1cb6a36409fc04689a4c888d159404fafd5ecd9d,3,2,66.67,16.84
1cb6a36409fc04689a4c888d159404fafd5ecd9d,3,1,33.33,8.68
1cb6a36409fc04689a4c888d159404fafd5ecd9d,3,1,33.33,33.12
1cb6a36409fc04689a4c888d159404fafd5ecd9d,3,2,66.67,25.65
1cb6a36409fc04689a4c888d159404fafd5ecd9d,3,0,0.00,4.36
1cb6a36409fc04689a4c888d159404fafd5ecd9d,3,0,0.00,33.35
1cb6a36409fc04689a4c888d159404fafd5ecd9d,3,3,100.00,64.25
1cb6a36409fc04689a4c888d159404fafd5ecd9d,3,2,66.67,43.09
1cb6a36409fc04689a4c888d159404fafd5ecd9d,3,1,33.33,27.35
1cb6a36409fc04689a4c888d159404fafd5ecd9d,3,1,33.33,22.69
1cb6a36409fc04689a4c888d159404fafd5ecd9d,3,1,33.33,37.27
1cb6a36409fc04689a4c888d159404fafd5ecd9d,3,0,0.00,34.35
1cb6a36409fc04689a4c888d159404fafd5ecd9d,3,2,66.67,21.57
1cb6a36409fc04689a4c888d159404fafd5ecd9d,3,2,66.67,16.30
1cb6a36409fc04689a4c888d159404fafd5ecd9d,3,1,33.33,63.86
1cb6a36409fc04689a4c888d159404fafd5ecd9d,3,0,0.00,38.35
1cb6a36409fc04689a4c888d159404fafd5ecd9d,3,1,33.33,25.05
1cb6a36409fc04689a4c888d159404fafd5ecd9d,3,3,100.00,22.02
1cb6a36409fc04689a4c888d159404fafd5ecd9d,3,1,33.33,22.61
1cb6a36409fc04689a4c888d159404fafd5ecd9d,3,0,0.00,67.69
1cb6a36409fc04689a4c888d159404fafd5ecd9d,3,1,33.33,23.19
1cb6a36409fc04689a4c888d159404fafd5ecd9d,3,1,33.33,28.31
1cb6a36409fc04689a4c888d159404fafd5ecd9d,3,2,66.67,29.75
1cb6a36409fc04689a4c888d159404fafd5ecd9d,3,2,66.67,32.54
1cb6a36409fc04689a4c888d159404fafd5ecd9d,3,1,33.33,23.82
1cb6a36409fc04689a4c888d159404fafd5ecd9d,3,0,0.00,25.26
1cb6a36409fc04689a4c888d159404fafd5ecd9d,3,2,66.67,29.72
1cb6a36409fc04689a4c888d159404fafd5ecd9d,3,3,100.00,26.06
1cb6a36409fc04689a4c888d159404fafd5ecd9d,3,0,0.00,27.42
1cb6a36409fc04689a4c888d159404fafd5ecd9d,3,1,33.33,10.77
1cb6a36409fc04689a4c888d159404fafd5ecd9d,3,1,33.33,15.73
1cb6a36409fc04689a4c888d159404fafd5ecd9d,3,1,33.33,18.47
1cb6a36409fc04689a4c888d159404fafd5ecd9d,3,1,33.33,17.48
1cb6a36409fc04689a4c888d159404fafd5ecd9d,3,1,33.33,19.03
1cb6a36409fc04689a4c888d159404fafd5ecd9d,3,1,33.33,24.46
1cb6a36409fc04689a4c888d159404fafd5ecd9d,3,2,66.67,44.15
1cb6a36409fc04689a4c888d159404fafd5ecd9d,3,1,33.33,40.07
CAA41706-60A2-523D-A11D-75192AA083C5,3,2,66.67,14.41
CAA41706-60A2-523D-A11D-75192AA083C5,3,1,33.33,23.25
CAA41706-60A2-523D-A11D-75192AA083C5,3,3,100.00,17.16
CAA41706-60A2-523D-A11D-75192AA083C5,3,3,100.00,13.39
CAA41706-60A2-523D-A11D-75192AA083C5,3,3,100.00,20.49
CAA41706-60A2-523D-A11D-75192AA083C5,3,3,100.00,20.29
CAA41706-60A2-523D-A11D-75192AA083C5,3,3,100.00,20.11
22f36866e9061420925805b3d8880d009254c44b,3,1,33.33,34.01
22f36866e9061420925805b3d8880d009254c44b,3,1,33.33,31.53
22f36866e9061420925805b3d8880d009254c44b,3,2,66.67,33.00
17C41426-9736-5994-A2E6-5A02F5E56966,3,3,100.00,10.45
17C41426-9736-5994-A2E6-5A02F5E56966,3,3,100.00,1.64
17C41426-9736-5994-A2E6-5A02F5E56966,3,3,100.00,2.11
17C41426-9736-5994-A2E6-5A02F5E56966,3,1,33.33,28.76
17C41426-9736-5994-A2E6-5A02F5E56966,3,2,66.67,21.83
17C41426-9736-5994-A2E6-5A02F5E56966,3,2,66.67,28.62
17C41426-9736-5994-A2E6-5A02F5E56966,3,1,33.33,36.62
17C41426-9736-5994-A2E6-5A02F5E56966,3,3,100.00,23.71
17C41426-9736-5994-A2E6-5A02F5E56966,3,3,100.00,6.88
17C41426-9736-5994-A2E6-5A02F5E56966,3,2,66.67,16.84
17C41426-9736-5994-A2E6-5A02F5E56966,3,2,66.67,26.50
17C41426-9736-5994-A2E6-5A02F5E56966,3,3,100.00,10.88
17C41426-9736-5994-A2E6-5A02F5E56966,3,3,100.00,22.34
17C41426-9736-5994-A2E6-5A02F5E56966,3,3,100.00,19.75
17C41426-9736-5994-A2E6-5A02F5E56966,3,3,100.00,7.12
17C41426-9736-5994-A2E6-5A02F5E56966,3,3,100.00,17.60
17C41426-9736-5994-A2E6-5A02F5E56966,3,3,100.00,20.57
17C41426-9736-5994-A2E6-5A02F5E56966,3,3,100.00,16.41
17C41426-9736-5994-A2E6-5A02F5E56966,3,2,66.67,13.56
17C41426-9736-5994-A2E6-5A02F5E56966,3,3,100.00,19.56
17C41426-9736-5994-A2E6-5A02F5E56966,3,2,66.67,16.50
17C41426-9736-5994-A2E6-5A02F5E56966,3,3,100.00,13.33
17C41426-9736-5994-A2E6-5A02F5E56966,3,3,100.00,22.09
22f36866e9061420925805b3d8880d009254c44b,3,0,0.00,10.72
22f36866e9061420925805b3d8880d009254c44b,3,1,33.33,20.55
22f36866e9061420925805b3d8880d009254c44b,3,3,100.00,15.06
22f36866e9061420925805b3d8880d009254c44b,3,2,66.67,16.70
